37.8269303 -122.4987336
37.8269286 -122.4987297
37.8269297 -122.4987344
37.8269306 -122.4987381
37.8269337 -122.4987463
37.826934 -122.498751
37.8269361 -122.4987605
37.8269369 -122.4987658
37.8269384 -122.4987713
37.826939 -122.498771
37.8269426 -122.4987759
37.8269459 -122.4987811
37.8270329 -122.499077
37.8270339 -122.4990795
37.8270345 -122.4990822
37.827035 -122.4990827
37.8270349 -122.4990824
37.8270348 -122.4990817
37.8270346 -122.4990799
37.8270348 -122.499079
37.8270351 -122.4990779
37.8270343 -122.499074
37.8270341 -122.4990744
37.8270336 -122.4990774
37.8270336 -122.4990771
37.827032 -122.4990729
37.8270319 -122.4990738
37.8270307 -122.4990708
37.827031 -122.4990737
37.8270308 -122.4990718
37.8270313 -122.4990734
37.8270301 -122.4990667
37.8270291 -122.4990635
37.8270275 -122.4990587
37.8270251 -122.4990499
37.8270213 -122.4990383
37.8270187 -122.4990301
37.8270168 -122.4990229
37.8270139 -122.499011
37.8270094 -122.499
37.8270078 -122.4989902
37.8270064 -122.4989813
37.8270057 -122.4989633
37.8270134 -122.4989744
37.8270191 -122.4989777
37.8270239 -122.4989878
37.8270321 -122.4990077
37.8270426 -122.4990293
37.8270506 -122.4990414
37.8270581 -122.4990573
37.8270668 -122.4990775
37.8270758 -122.4990988
37.8270797 -122.4991097
37.8270908 -122.4991267
37.8270999 -122.4991384
37.8271062 -122.4991467
37.8271106 -122.4991508
37.827114 -122.4991548
37.8271171 -122.4991587
37.8271196 -122.4991639
37.8271225 -122.499167
37.8271244 -122.4991701
37.8271258 -122.4991717
37.8271252 -122.4991724
37.8271252 -122.4991734
37.8271255 -122.4991736
37.8271252 -122.4991742
37.8271255 -122.4991756
37.8271261 -122.4991768
37.827127 -122.499178
37.8271277 -122.4991783
37.8271284 -122.4991785
37.8271292 -122.4991792
37.8271299 -122.4991801
37.8271309 -122.4991821
37.8271324 -122.499186
37.8271334 -122.4991905
37.8271349 -122.4991917
37.8271365 -122.4991931
37.827138 -122.4991946
37.8271395 -122.4991964
37.8271403 -122.4991971
37.8271412 -122.499198
37.8271419 -122.4991991
37.8271441 -122.4991991
37.8271454 -122.4991986
37.8271474 -122.4991982
37.8271486 -122.4991979
37.8271498 -122.499198
37.8271519 -122.4991999
37.8271547 -122.4992028
37.8271563 -122.4992035
37.8271586 -122.4992048
37.8271586 -122.4992054
37.8271589 -122.4992044
37.8271595 -122.4992052
37.8271617 -122.4992063
37.827163 -122.4992082
37.8271637 -122.499211
37.8271645 -122.4992131
37.8271651 -122.4992156
37.827166 -122.499218
37.8271664 -122.4992208
37.8271668 -122.4992241
37.8271672 -122.4992264
37.8271677 -122.4992288
37.827168 -122.4992311
37.8271683 -122.4992324
37.8271689 -122.4992333
37.8271696 -122.4992342
37.8271703 -122.4992345
37.8271703 -122.4992364
37.8271702 -122.4992388
37.82717 -122.4992411
37.82717 -122.4992431
37.8271702 -122.4992448
37.8271714 -122.4992444
37.8271705 -122.4992449
37.8271695 -122.4992458
37.8271683 -122.4992455
37.8271664 -122.4992455
37.8271657 -122.4992442
37.8271647 -122.4992436
37.8271652 -122.4992427
37.8271658 -122.4992421
37.8271651 -122.4992415
37.8271642 -122.4992411
37.8271638 -122.4992406
37.8271664 -122.4992395
37.8271689 -122.4992387
37.8271708 -122.499238
37.827172 -122.4992371
37.8271729 -122.4992365
37.8271737 -122.499236
37.8271742 -122.4992362
37.8271744 -122.4992363
37.8271745 -122.4992368
37.827174 -122.4992379
37.8271737 -122.4992389
37.8271739 -122.4992391
37.8271744 -122.4992384
37.8271743 -122.4992388
37.8271745 -122.4992387
37.8271747 -122.4992387
37.8271749 -122.4992386
37.827175 -122.499239
37.8271751 -122.4992391
37.8271749 -122.4992392
37.8271748 -122.4992392
37.8271744 -122.4992393
37.8271744 -122.4992391
37.8271743 -122.4992387
37.827174 -122.4992382
37.8271737 -122.4992376
37.8271735 -122.4992368
37.8271734 -122.4992364
37.8271734 -122.4992378
37.8271733 -122.4992392
37.8271731 -122.4992394
37.8271729 -122.4992398
37.8271726 -122.4992403
37.8271718 -122.4992422
37.827171 -122.4992442
37.8271704 -122.4992455
37.8271703 -122.4992456
37.82717 -122.4992455
37.8271698 -122.4992455
37.8271694 -122.4992455
37.8271688 -122.4992454
37.8271681 -122.4992455
37.8271675 -122.499245
37.827167 -122.4992483
37.8271661 -122.4992484
37.8271659 -122.4992475
37.8271609 -122.4992485
37.8271443 -122.4992499
37.8271291 -122.4992583
37.8271156 -122.4992651
37.8270966 -122.4992719
37.8270733 -122.4992741
37.8270456 -122.4992758
37.8270126 -122.4992734
37.8269786 -122.4992699
37.8269441 -122.4992595
37.8269105 -122.4992444
37.8268676 -122.4992266
37.8268176 -122.4992089
37.8267597 -122.4991941
37.8266942 -122.4991926
37.8266232 -122.4992114
37.8265489 -122.4992524
37.8264795 -122.4993127
37.826416 -122.4993813
37.8263588 -122.4994609
37.8263178 -122.4995377
37.826292 -122.4996286
37.8262827 -122.4997373
37.8262939 -122.499858
37.8263152 -122.4999824
37.8263457 -122.5001151
37.8263847 -122.5002474
37.8264331 -122.5003767
37.8264848 -122.5005052
37.8265337 -122.5006205
37.8265936 -122.5007605
37.8266416 -122.5008855
37.8266702 -122.5010118
37.82668 -122.501143
37.8266838 -122.5012694
37.8266868 -122.5013866
37.8266972 -122.5014924
37.8267178 -122.5015936
37.8267555 -122.5016869
37.8268182 -122.5017595
37.8268981 -122.5018116
37.8269792 -122.5018703
37.8270642 -122.5019464
37.8271494 -122.5020355
37.8272289 -122.5021387
37.8272976 -122.5022552
37.8273612 -122.5023817
37.8274105 -122.5025151
37.827453 -122.5026515
37.827496 -122.5027859
37.8275401 -122.5029111
37.8275859 -122.5030281
37.8276311 -122.5031384
37.8276707 -122.5032406
37.8277013 -122.5033416
37.8277103 -122.5034475
37.8276893 -122.5035614
37.8276384 -122.5036705
37.8275655 -122.5037662
37.8274868 -122.5038565
37.8274114 -122.5039639
37.8273484 -122.5040855
37.8272917 -122.5042224
37.8272338 -122.5043684
37.8271718 -122.5045069
37.8270966 -122.5046288
37.8270066 -122.504725
37.826903 -122.5047892
37.8267978 -122.5048429
37.8266987 -122.5049058
37.8266156 -122.5049882
37.8265448 -122.5050899
37.8264882 -122.5052086
37.8264424 -122.5053342
37.8264049 -122.5054586
37.8263664 -122.5055802
37.8263285 -122.5056944
37.8262956 -122.5058078
37.8262736 -122.5059218
37.8262692 -122.5060439
37.8262873 -122.5061679
37.8263213 -122.5062841
37.8263674 -122.5063862
37.8264201 -122.5064837
37.8264644 -122.5065915
37.8264864 -122.5067141
37.826487 -122.5068354
37.8264584 -122.5069478
37.8264027 -122.5070489
37.8263355 -122.5071514
37.8262704 -122.5072668
37.8262152 -122.5073972
37.826173 -122.5075382
37.8261407 -122.5076772
37.8261231 -122.5078062
37.8261328 -122.5079206
37.8261771 -122.5080165
37.8262456 -122.5080834
37.8263174 -122.5081402
37.8263904 -122.5081983
37.8264605 -122.5082637
37.8265256 -122.5083379
37.8265799 -122.5084311
37.826622 -122.5085552
37.8266433 -122.5086687
37.826666 -122.5088008
37.8266877 -122.5089381
37.8267095 -122.5090799
37.826735 -122.5092386
37.8267569 -122.5093705
37.8267863 -122.5095319
37.8268119 -122.5096639
37.8268517 -122.5098217
37.8268982 -122.5099441
37.8269742 -122.5100791
37.8270431 -122.5101862
37.8271359 -122.5103138
37.8272212 -122.5104341
37.827308 -122.5105599
37.827397 -122.5106883
37.8274877 -122.5108145
37.8275748 -122.5109434
37.8276556 -122.5110545
37.8277564 -122.5111858
37.8278435 -122.5113078
37.8279279 -122.5114267
37.8280067 -122.5115432
37.8280753 -122.5116616
37.828126 -122.5117868
37.8281573 -122.5119127
37.8281732 -122.5120295
37.8281741 -122.5121423
37.8281638 -122.512248
37.8281447 -122.5123463
37.8281159 -122.5124363
37.8280809 -122.5125203
37.8280438 -122.5126004
37.8280067 -122.5126802
37.8279718 -122.5127578
37.8279374 -122.5128341
37.8279053 -122.5129098
37.8278737 -122.5129843
37.8278409 -122.5130591
37.8278067 -122.5131322
37.8277712 -122.5132047
37.827739 -122.5132773
37.827707 -122.5133511
37.8276759 -122.5134251
37.827645 -122.5134975
37.8276133 -122.5135689
37.8275813 -122.5136413
37.8275497 -122.5137146
37.8275182 -122.5137878
37.8274865 -122.5138604
37.8274546 -122.5139335
37.8274232 -122.5140092
37.8273922 -122.5140879
37.8273647 -122.5141674
37.8273397 -122.5142477
37.8273199 -122.5143301
37.8273033 -122.5144155
37.8272902 -122.5145019
37.8272835 -122.5145881
37.8272815 -122.5146764
37.8272812 -122.5147678
37.8272813 -122.5148599
37.8272798 -122.514952
37.8272777 -122.5150444
37.8272768 -122.5151378
37.8272749 -122.5152323
37.8272737 -122.5153249
37.8272722 -122.515416
37.8272723 -122.515506
37.8272745 -122.5155943
37.8272788 -122.5156817
37.8272849 -122.515768
37.8272934 -122.5158526
37.827305 -122.5159368
37.8273193 -122.5160224
37.8273382 -122.516108
37.827358 -122.5161948
37.8273803 -122.5162827
37.8274067 -122.5163709
37.8274337 -122.5164579
37.8274592 -122.5165454
37.8274858 -122.5166308
37.8275063 -122.5167165
37.8275171 -122.5168023
37.8275116 -122.516888
37.8274865 -122.516968
37.8274434 -122.5170384
37.8273883 -122.5170982
37.8273276 -122.5171543
37.8272648 -122.5172126
37.8272077 -122.5172787
37.8271542 -122.5173493
37.827108 -122.5174286
37.8270708 -122.5175167
37.8270403 -122.5176092
37.8270141 -122.5177046
37.8269892 -122.5177998
37.826963 -122.5178931
37.8269371 -122.5179863
37.8269116 -122.5180804
37.8268857 -122.5181743
37.8268576 -122.5182702
37.8268282 -122.5183665
37.8268003 -122.5184638
37.8267745 -122.5185645
37.8267474 -122.5186801
37.8267269 -122.5187782
37.8267016 -122.518905
37.8266837 -122.5190148
37.8266665 -122.5191417
37.8266523 -122.5192839
37.8266572 -122.5193997
37.8266812 -122.519543
37.8267147 -122.5196584
37.8267709 -122.5197907
37.826836 -122.5199008
37.8268996 -122.5199921
37.826975 -122.5201044
37.8270273 -122.520222
37.8270641 -122.5203501
37.8270969 -122.5204831
37.8271281 -122.5206202
37.8271577 -122.5207576
37.8271805 -122.5208995
37.8271869 -122.5210433
37.8271908 -122.5211845
37.8272046 -122.5213301
37.8272352 -122.5214742
37.8272749 -122.5216151
37.8273173 -122.5217548
37.827369 -122.5218892
37.8274399 -122.5220071
37.8275216 -122.5221138
37.8276022 -122.5222232
37.8276785 -122.5223409
37.827759 -122.5224517
37.8278509 -122.5225363
37.8279409 -122.5226073
37.8280097 -122.5227051
37.8280502 -122.5228248
37.8280769 -122.5229523
37.8281074 -122.5230839
37.8281507 -122.5232109
37.8282 -122.5233376
37.8282398 -122.5234701
37.8282454 -122.5236082
37.8282038 -122.5237339
37.8281455 -122.5238508
37.8280989 -122.523981
37.828074 -122.5241243
37.828067 -122.5242742
37.8280791 -122.5244259
37.8281172 -122.5245712
37.8281794 -122.5247036
37.8282549 -122.5248281
37.8283282 -122.5249549
37.8283971 -122.5250788
37.8284538 -122.5252002
37.8284738 -122.5253247
37.8284554 -122.5254378
37.8283983 -122.5255232
37.8283128 -122.5255707
37.8282179 -122.5255892
37.8281176 -122.5255949
37.8280135 -122.5255971
37.8279057 -122.5256083
37.827799 -122.5256428
37.8277022 -122.5257094
37.82761 -122.5257878
37.827509 -122.5258526
37.8273991 -122.5258955
37.8272834 -122.5259185
37.8271658 -122.5259314
37.8270457 -122.5259428
37.8269246 -122.5259549
37.8268018 -122.5259663
37.8266794 -122.5259759
37.8265573 -122.5259856
37.826438 -122.5260121
37.8263283 -122.5260676
37.8262289 -122.526142
37.8261408 -122.5262344
37.8260675 -122.526344
37.8259987 -122.5264543
37.8259231 -122.5265572
37.8258427 -122.5266504
37.8257657 -122.5267396
37.8256894 -122.526831
37.8256151 -122.5269199
37.825546 -122.5270143
37.8254899 -122.527115
37.8254554 -122.5272246
37.8254439 -122.5273382
37.8254421 -122.5274454
37.8254425 -122.5275486
37.8254438 -122.5276473
37.8254426 -122.5277403
37.8254292 -122.5278261
37.8254026 -122.5278992
37.8253558 -122.527946
37.8253001 -122.5279781
37.825255 -122.5279864
37.8252037 -122.527986
37.8251521 -122.5279717
37.8251067 -122.5279545
37.8250522 -122.5279291
37.8250047 -122.5279018
37.8249405 -122.5278693
37.8248857 -122.5278356
37.8248351 -122.5278063
37.824785 -122.527785
37.8247325 -122.5277555
37.8246776 -122.5277348
37.8246187 -122.5277111
37.8245572 -122.527682
37.8245009 -122.5276529
37.8244466 -122.5276294
37.8243958 -122.5276064
37.8243481 -122.5275888
37.824286 -122.5275588
37.824224 -122.5275409
37.8241556 -122.5275316
37.8240804 -122.527536
37.8240005 -122.5275535
37.8239188 -122.5275934
37.8238356 -122.5276594
37.8237565 -122.5277561
37.8236889 -122.5278748
37.8236152 -122.5279895
37.8235228 -122.5280828
37.8234183 -122.5281544
37.8233188 -122.5282366
37.823239 -122.5283417
37.8231881 -122.5284706
37.8231714 -122.5286069
37.8231727 -122.5287381
37.8231801 -122.5288602
37.8232066 -122.5289689
37.8232623 -122.5290503
37.8233375 -122.5290977
37.8234167 -122.5291323
37.8234968 -122.5291649
37.8235753 -122.5292007
37.8236513 -122.5292421
37.8237242 -122.5292941
37.82379 -122.5293571
37.8238476 -122.5294335
37.8238996 -122.5295181
37.8239432 -122.5296126
37.8239833 -122.5297125
37.8240262 -122.5298138
37.8240761 -122.5299104
37.8241405 -122.5299898
37.8242182 -122.5300384
37.8242982 -122.5300659
37.8243783 -122.5300819
37.8244569 -122.5300913
37.8245341 -122.5300967
37.8246111 -122.5300934
37.824688 -122.5300743
37.8247626 -122.5300405
37.8248343 -122.5299985
37.8249016 -122.5299516
37.8249598 -122.5298914
37.8250136 -122.5298264
37.825062 -122.529759
37.825105 -122.5296884
37.8251461 -122.5296205
37.8251866 -122.5295545
37.8252265 -122.5294898
37.8252663 -122.5294261
37.825308 -122.5293648
37.8253505 -122.5293042
37.8253946 -122.5292467
37.8254399 -122.5291915
37.8254862 -122.5291366
37.8255352 -122.5290822
37.8255849 -122.5290264
37.8256372 -122.5289702
37.8256894 -122.528913
37.8257412 -122.5288546
37.8257922 -122.5287933
37.8258418 -122.5287261
37.8258862 -122.528651
37.825919 -122.5285641
37.8259406 -122.5284707
37.8259519 -122.5283743
37.8259541 -122.5282788
37.825955 -122.52818
37.8259577 -122.5280814
37.8259584 -122.5279803
37.8259566 -122.5278776
37.8259538 -122.5277735
37.8259516 -122.5276704
37.8259502 -122.5275678
37.8259482 -122.5274654
37.8259501 -122.5273628
37.8259578 -122.527258
37.8259743 -122.5271549
37.8260009 -122.5270538
37.8260373 -122.5269591
37.8260824 -122.526871
37.8261368 -122.5267928
37.8262046 -122.5267179
37.826264 -122.5266627
37.826341 -122.5266037
37.8264169 -122.5265597
37.8264965 -122.5265246
37.8265801 -122.5264969
37.8266565 -122.5264752
37.8267497 -122.5264489
37.8268365 -122.5264253
37.8269249 -122.5264007
37.827013 -122.5263778
37.8271001 -122.5263533
37.8271846 -122.52633
37.8272678 -122.5263106
37.8273514 -122.52629
37.8274342 -122.5262713
37.8275178 -122.5262527
37.8276042 -122.526233
37.8276927 -122.526209
37.827787 -122.5261881
37.8278866 -122.526182
37.8279896 -122.526199
37.8280888 -122.5262446
37.8281792 -122.526323
37.8282554 -122.5264277
37.8283239 -122.5265458
37.8283979 -122.5266654
37.8284859 -122.5267754
37.8285827 -122.5268786
37.8286843 -122.5269792
37.8287842 -122.5270799
37.8288776 -122.5271841
37.82896 -122.5272999
37.8290304 -122.5274237
37.8290863 -122.5275572
37.8291368 -122.5276925
37.8292008 -122.5278087
37.8292781 -122.5278993
37.829369 -122.5279606
37.8294727 -122.527985
37.8295795 -122.5279688
37.8296792 -122.527909
37.8297636 -122.52781
37.8298242 -122.5276803
37.8298704 -122.5275368
37.8299179 -122.5273897
37.8299643 -122.5272364
37.8300101 -122.5270778
37.8300613 -122.5269156
37.8301171 -122.5267496
37.8301703 -122.5265781
37.8302319 -122.5264023
37.8302956 -122.5262255
37.8303577 -122.5260452
37.8304135 -122.5258603
37.8304548 -122.525672
37.8304786 -122.5254858
37.8304861 -122.525305
37.8304799 -122.5251303
37.8304628 -122.5249642
37.8304373 -122.5248078
37.8304127 -122.5246586
37.8304068 -122.5245141
37.8304062 -122.5243725
37.8304056 -122.5242342
37.8304038 -122.5241014
37.8304065 -122.5239705
37.8304103 -122.5238369
37.8304297 -122.5237025
37.8304685 -122.5235717
37.8305272 -122.5234525
37.8306048 -122.5233509
37.8306953 -122.5232672
37.8307935 -122.5232146
37.8308884 -122.5231875
37.8309802 -122.5231772
37.8310688 -122.5231912
37.8311466 -122.5232273
37.8312105 -122.5232774
37.831261 -122.5233408
37.8312998 -122.5234114
37.8313232 -122.5234929
37.8313185 -122.5235791
37.8313016 -122.5236663
37.8312856 -122.5237587
37.8312716 -122.5238537
37.8312576 -122.523952
37.8312448 -122.5240538
37.8312333 -122.5241609
37.8312216 -122.5242687
37.8312102 -122.5243801
37.8311996 -122.5244954
37.8311856 -122.5246195
37.8311742 -122.5247218
37.8311644 -122.5248376
37.8311609 -122.5249676
37.8311685 -122.5250756
37.8311916 -122.5252045
37.8312221 -122.5253112
37.8312654 -122.5254258
37.8313276 -122.5255424
37.8313979 -122.5256414
37.8314679 -122.5257216
37.8315634 -122.5258056
37.831659 -122.5258692
37.8317582 -122.525927
37.8318592 -122.5259824
37.8319611 -122.5260377
37.8320623 -122.52609
37.8321625 -122.5261425
37.8322521 -122.5262137
37.8323363 -122.5262948
37.8324078 -122.5263892
37.8324655 -122.5264927
37.8325094 -122.5266035
37.8325452 -122.5267196
37.8325726 -122.5268413
37.8325907 -122.5269693
37.8325954 -122.5271006
37.8325865 -122.5272321
37.8325668 -122.5273622
37.8325399 -122.5274898
37.8325096 -122.5276154
37.8324787 -122.5277356
37.8324506 -122.5278552
37.8324199 -122.5279727
37.8323856 -122.5280893
37.8323482 -122.5282012
37.8323124 -122.5283081
37.8322693 -122.5284123
37.8322249 -122.5285179
37.8321816 -122.5286218
37.8321402 -122.5287261
37.8321048 -122.5288317
37.8320751 -122.5289386
37.8320518 -122.5290461
37.832032 -122.5291518
37.8320107 -122.5292568
37.8319917 -122.5293627
37.8319727 -122.5294714
37.8319538 -122.5295817
37.8319368 -122.5296929
37.8319242 -122.5298005
37.8319179 -122.5299058
37.8319132 -122.5300127
37.8319112 -122.5301165
37.8319147 -122.5302158
37.8319204 -122.5303124
37.8319252 -122.5304058
37.8319315 -122.5304981
37.831941 -122.5305877
37.8319516 -122.5306697
37.8319614 -122.5307456
37.8319729 -122.5308176
37.8319911 -122.5308888
37.8320101 -122.5309593
37.8320317 -122.5310267
37.8320594 -122.5310941
37.8320865 -122.5311583
37.8321166 -122.5312172
37.8321482 -122.5312777
37.832186 -122.5313263
37.8322267 -122.5313732
37.8322702 -122.5314131
37.8323145 -122.5314528
37.8323593 -122.5314904
37.8324053 -122.5315232
37.8324526 -122.5315503
37.8325025 -122.531569
37.8325532 -122.5315849
37.8326013 -122.5316015
37.8326484 -122.5316174
37.8326938 -122.5316349
37.8327403 -122.5316525
37.832787 -122.5316717
37.8328351 -122.5316883
37.8328822 -122.531705
37.8329278 -122.531723
37.8329725 -122.5317409
37.8330186 -122.5317567
37.8330639 -122.5317742
37.8331109 -122.5317921
37.8331556 -122.5318108
37.8331996 -122.5318344
37.8332424 -122.5318628
37.8332828 -122.5318963
37.833322 -122.5319324
37.8333569 -122.5319737
37.8333881 -122.5320207
37.8334171 -122.5320699
37.8334441 -122.532122
37.8334693 -122.5321774
37.8334968 -122.5322372
37.8335185 -122.5322874
37.8335477 -122.5323472
37.8335715 -122.5323974
37.8335985 -122.5324549
37.8336249 -122.5325086
37.8336525 -122.5325634
37.8336822 -122.5326267
37.8337087 -122.5326858
37.8337355 -122.5327444
37.8337631 -122.5328036
37.8337917 -122.5328637
37.8338212 -122.5329234
37.8338502 -122.5329813
37.8338797 -122.5330397
37.8339105 -122.5330976
37.833941 -122.5331555
37.8339691 -122.5332149
37.8339943 -122.5332751
37.8340183 -122.533334
37.8340418 -122.5333907
37.8340643 -122.5334458
37.8340841 -122.5335004
37.834101 -122.5335555
37.834118 -122.5336089
37.8341313 -122.5336606
37.8341427 -122.5337118
37.8341493 -122.5337644
37.8341506 -122.5338182
37.8341514 -122.5338704
37.8341536 -122.5339207
37.8341532 -122.5339669
37.8341482 -122.5340136
37.8341401 -122.5340601
37.8341281 -122.5341055
37.8341128 -122.5341503
37.8340954 -122.534194
37.8340777 -122.534237
37.8340586 -122.5342815
37.8340411 -122.5343251
37.8340238 -122.5343709
37.8340107 -122.5344188
37.834002 -122.5344683
37.833995 -122.534521
37.8339935 -122.5345775
37.8339953 -122.534632
37.8339998 -122.5346866
37.8340115 -122.5347429
37.8340275 -122.5347995
37.8340471 -122.5348552
37.8340686 -122.5349081
37.8340917 -122.534959
37.8341141 -122.5350089
37.8341359 -122.5350587
37.8341552 -122.5351116
37.8341713 -122.5351668
37.8341852 -122.5352227
37.8341942 -122.5352794
37.8341994 -122.5353362
37.8342008 -122.5353927
37.8341969 -122.5354517
37.8341881 -122.5355105
37.8341779 -122.5355676
37.8341649 -122.5356214
37.8341502 -122.5356716
37.8341312 -122.5357154
37.8341104 -122.5357523
37.8340931 -122.5357913
37.8340732 -122.535831
37.8340506 -122.5358695
37.8340262 -122.5359075
37.8340007 -122.5359464
37.8339738 -122.535985
37.8339475 -122.5360256
37.833921 -122.5360665
37.8338987 -122.5361106
37.8338782 -122.5361565
37.8338603 -122.5362047
37.8338422 -122.5362519
37.8338248 -122.5362993
37.8338142 -122.5363498
37.8338113 -122.5364007
37.8338114 -122.5364499
37.8338127 -122.5365005
37.8338201 -122.5365499
37.8338279 -122.5365958
37.8338293 -122.5366396
37.8338253 -122.5366844
37.8338106 -122.5367278
37.8337941 -122.5367731
37.8337807 -122.5368219
37.8337764 -122.5368703
37.8337733 -122.5369195
37.8337681 -122.536969
37.833764 -122.5370167
37.8337589 -122.5370661
37.8337545 -122.5371126
37.8337537 -122.5371606
37.8337546 -122.5372085
37.8337567 -122.5372565
37.8337598 -122.5373087
37.8337656 -122.5373511
37.8337749 -122.5374036
37.8337845 -122.5374455
37.8337951 -122.5374966
37.8338007 -122.537534
37.8338084 -122.5375769
37.8338203 -122.5376258
37.8338317 -122.5376697
37.8338447 -122.5377132
37.8338559 -122.5377542
37.8338731 -122.5378037
37.8338896 -122.5378484
37.8339065 -122.5378932
37.8339255 -122.5379365
37.8339466 -122.5379802
37.83397 -122.5380228
37.8339949 -122.5380651
37.8340208 -122.5381045
37.8340498 -122.5381424
37.8340804 -122.5381779
37.8341116 -122.5382136
37.8341384 -122.5382458
37.8341683 -122.5382779
37.8341998 -122.5383109
37.8342344 -122.538343
37.8342704 -122.5383693
37.834307 -122.5383974
37.8343417 -122.5384283
37.8343781 -122.5384568
37.8344145 -122.5384842
37.8344515 -122.5385081
37.8344869 -122.5385296
37.8345224 -122.5385491
37.8345587 -122.5385678
37.8345958 -122.5385832
37.8346332 -122.5385981
37.834672 -122.5386098
37.8347107 -122.5386197
37.8347498 -122.5386274
37.834789 -122.5386336
37.8348268 -122.5386403
37.8348645 -122.5386464
37.8348986 -122.5386527
37.8349303 -122.5386591
37.8349626 -122.5386609
37.834995 -122.5386645
37.8350283 -122.5386624
37.8350617 -122.5386628
37.8350956 -122.5386583
37.8351306 -122.5386535
37.8351641 -122.5386474
37.8351979 -122.5386286
37.8352335 -122.5386085
37.8352695 -122.5385935
37.8353045 -122.5385833
37.8353417 -122.5385736
37.8353784 -122.5385656
37.8354171 -122.5385617
37.8354559 -122.538554
37.8354943 -122.5385441
37.8355327 -122.5385356
37.8355712 -122.5385273
37.8356104 -122.5385165
37.8356488 -122.5385046
37.8356868 -122.5384922
37.8357248 -122.5384806
37.8357628 -122.5384668
37.8357999 -122.5384492
37.8358365 -122.5384301
37.8358732 -122.5384105
37.8359102 -122.5383887
37.8359464 -122.5383642
37.8359826 -122.5383389
37.8360177 -122.5383115
37.8360513 -122.5382814
37.8360858 -122.5382534
37.8361215 -122.5382258
37.8361565 -122.538198
37.8361917 -122.5381712
37.8362261 -122.5381434
37.8362601 -122.5381145
37.8362961 -122.5380866
37.8363317 -122.5380598
37.836368 -122.5380334
37.8364043 -122.5380083
37.8364407 -122.5379851
37.8364805 -122.5379665
37.8365216 -122.5379497
37.8365625 -122.5379328
37.836605 -122.5379191
37.836647 -122.5379049
37.8366894 -122.5378934
37.8367329 -122.5378872
37.8367761 -122.5378804
37.8368192 -122.5378742
37.8368633 -122.5378691
37.8369081 -122.5378657
37.836957 -122.5378605
37.8369963 -122.5378565
37.8370391 -122.5378568
37.8370816 -122.5378592
37.8371257 -122.5378636
37.8371736 -122.5378686
37.8372107 -122.5378755
37.8372472 -122.537891
37.8372892 -122.5379109
37.8373241 -122.5379282
37.8373671 -122.5379525
37.8374017 -122.5379714
37.8374375 -122.5379971
37.8374725 -122.5380288
37.8375072 -122.5380664
37.8375378 -122.5381129
37.8375637 -122.5381658
37.8375883 -122.5382189
37.8376148 -122.5382695
37.8376408 -122.5383203
37.837667 -122.538369
37.8376924 -122.5384207
37.8377142 -122.5384743
37.8377325 -122.5385288
37.8377481 -122.5385844
37.8377631 -122.5386401
37.8377747 -122.5386968
37.8377824 -122.5387548
37.8377865 -122.5388127
37.8377892 -122.538868
37.8377944 -122.5389221
37.8377974 -122.538975
37.8378002 -122.539027
37.8378009 -122.5390796
37.8378007 -122.5391342
37.8378019 -122.5391888
37.8378033 -122.5392432
37.8378051 -122.5392982
37.837806 -122.5393532
37.8378082 -122.539408
37.8378095 -122.5394626
37.8378107 -122.5395173
37.8378113 -122.539571
37.8378142 -122.5396239
37.8378136 -122.5396754
37.8378088 -122.5397268
37.8378034 -122.5397783
37.8377946 -122.5398261
37.837785 -122.5398736
37.837771 -122.5399214
37.8377548 -122.5399687
37.8377393 -122.5400177
37.8377249 -122.5400674
37.8377135 -122.5401212
37.8377026 -122.5401763
37.837697 -122.540233
37.8376979 -122.5402902
37.8377042 -122.5403456
37.8377133 -122.540401
37.8377266 -122.5404531
37.8377458 -122.5405013
37.8377661 -122.5405485
37.8377892 -122.5405937
37.837815 -122.5406387
37.8378363 -122.5406867
37.8378553 -122.5407369
37.8378725 -122.5407881
37.8378861 -122.5408415
37.8378908 -122.5408973
37.8378904 -122.5409513
37.8378859 -122.541004
37.8378747 -122.5410556
37.8378628 -122.5411063
37.8378502 -122.5411586
37.8378354 -122.5412093
37.8378175 -122.5412585
37.8378003 -122.5413083
37.8377833 -122.541358
37.8377694 -122.5414102
37.8377583 -122.5414633
37.8377525 -122.5415164
37.8377511 -122.5415683
37.8377529 -122.5416184
37.8377567 -122.5416701
37.8377644 -122.5417209
37.8377755 -122.5417708
37.8377878 -122.5418197
37.8378011 -122.5418677
37.8378162 -122.5419149
37.8378344 -122.5419603
37.8378533 -122.5420054
37.837872 -122.5420501
37.8378899 -122.5420942
37.8379073 -122.5421383
37.8379254 -122.5421809
37.8379394 -122.542224
37.8379474 -122.5422695
37.8379555 -122.5423166
37.8379678 -122.5423634
37.8379791 -122.5424114
37.8379892 -122.5424532
37.8380001 -122.542501
37.8380055 -122.5425529
37.8380036 -122.5426049
37.8379988 -122.5426576
37.8379928 -122.5427136
37.8379903 -122.5427591
37.8379864 -122.5428065
37.8379749 -122.5428565
37.8379568 -122.5429042
37.8379381 -122.5429538
37.8379197 -122.5430048
37.8378955 -122.5430551
37.8378734 -122.5430992
37.8378482 -122.5431423
37.8378217 -122.5431846
37.8377937 -122.5432241
37.837763 -122.5432591
37.8377307 -122.5432904
37.8376963 -122.543317
37.8376626 -122.5433373
37.8376306 -122.5433548
37.8375987 -122.5433703
37.8375667 -122.5433837
37.8375324 -122.5433932
37.8374931 -122.5434025
37.8374494 -122.5434076
37.8374025 -122.5434113
37.8373516 -122.5434111
37.8372978 -122.5434052
37.8372404 -122.543393
37.837178 -122.5433818
37.8371122 -122.5433677
37.8370456 -122.5433478
37.8369806 -122.5433237
37.8369193 -122.5432973
37.8368568 -122.5432751
37.8367967 -122.5432564
37.8367397 -122.5432389
37.8366855 -122.54322
37.8366329 -122.5432064
37.8365827 -122.5431908
37.8365337 -122.5431734
37.8364863 -122.5431584
37.8364396 -122.5431432
37.8363933 -122.5431315
37.8363495 -122.5431193
37.8363099 -122.543106
37.8362741 -122.5430895
37.8362398 -122.5430747
37.8362121 -122.5430635
37.8361852 -122.5430538
37.836163 -122.5430468
37.8361437 -122.5430405
37.8361264 -122.5430338
37.8361141 -122.5430287
37.8361057 -122.5430222
37.836107 -122.5430218
37.8361112 -122.543026
37.8361124 -122.5430253
37.8361139 -122.5430249
37.8361146 -122.543026
37.8361153 -122.5430236
37.8361144 -122.543023
37.8361137 -122.5430238
37.8361133 -122.5430241
37.8361136 -122.5430222
37.8361157 -122.5430186
37.8361172 -122.5430167
37.8361153 -122.5430158
37.8361124 -122.5430132
37.8361095 -122.5430118
37.8361057 -122.5430065
37.8361029 -122.5430013
37.8361015 -122.5429977
37.8361006 -122.5429948
37.8361002 -122.542992
37.8360998 -122.5429896
37.8360993 -122.542988
37.8360992 -122.5429869
37.8360997 -122.542986
37.8360999 -122.5429857
37.8361003 -122.542985
37.8361002 -122.5429845
37.8361007 -122.5429848
37.8361017 -122.5429843
37.8361031 -122.5429828
37.8361053 -122.5429816
37.8361069 -122.5429791
37.8361086 -122.5429763
37.8361096 -122.5429743
37.836111 -122.5429734
37.8361122 -122.5429723
37.836113 -122.5429712
37.8361143 -122.5429706
37.8361148 -122.5429695
37.8361156 -122.5429685
37.8361162 -122.5429692
37.8361169 -122.5429707
37.8361176 -122.5429715
37.8361182 -122.5429704
37.8361185 -122.5429695
37.836119 -122.5429685
37.8361194 -122.5429677
37.8361196 -122.5429671
37.8361196 -122.5429664
37.8361195 -122.542966
37.8361191 -122.5429654
37.8361183 -122.5429655
37.8361177 -122.5429659
37.8361171 -122.5429663
37.8361163 -122.5429655
37.8361158 -122.5429658
37.8361155 -122.5429646
37.8361151 -122.5429638
37.8361151 -122.5429632
37.836115 -122.5429619
37.8361153 -122.5429612
37.8361138 -122.5429603
37.8361123 -122.5429587
37.8361109 -122.5429581
37.83611 -122.5429575
37.8361091 -122.5429576
37.8361084 -122.5429583
37.8361072 -122.5429591
37.8361064 -122.5429599
37.8361062 -122.5429601
37.8361059 -122.5429609
37.8361057 -122.5429613
37.8361057 -122.5429616
37.8361054 -122.5429621
37.836105 -122.5429632
37.8361045 -122.5429649
37.8361041 -122.5429666
37.8361035 -122.542968
37.8361029 -122.5429693
37.8361027 -122.5429702
37.8361022 -122.5429714
37.8361018 -122.5429726
37.8361017 -122.5429736
37.8361014 -122.5429749
37.836101 -122.5429763
37.8361007 -122.5429777
37.8361006 -122.5429793
37.8361005 -122.5429804
37.8361007 -122.5429814
37.8361008 -122.5429829
37.8361011 -122.5429838
37.8361012 -122.5429846
37.8361012 -122.5429859
37.8361014 -122.5429872
37.8361016 -122.5429883
37.8361021 -122.5429896
37.8361028 -122.5429907
37.8361031 -122.5429918
37.8361035 -122.5429927
37.8361044 -122.5429938
37.8361051 -122.5429947
37.8361055 -122.5429951
37.8361062 -122.5429957
37.8361055 -122.5429959
37.8361045 -122.542996
37.8361036 -122.5429957
37.8361031 -122.5429955
37.8361026 -122.5429955
37.8361024 -122.542996
37.8361019 -122.5429961
37.8361013 -122.5429965
37.8361011 -122.5429962
37.836101 -122.5429966
37.8361012 -122.5429959
37.8361013 -122.5429948
37.8361012 -122.5429942
37.8361013 -122.5429933
37.8361012 -122.542992
37.8361014 -122.5429906
37.8361016 -122.5429911
37.8361017 -122.5429917
37.8361017 -122.5429917
37.8361012 -122.5429923
37.8361009 -122.5429928
37.8361008 -122.5429932
37.836101 -122.5429933
37.8361009 -122.5429934
37.836101 -122.5429946
37.8361013 -122.5429951
37.8361012 -122.5429962
37.8361016 -122.5429974
37.8361019 -122.5429985
37.8361018 -122.5429989
37.8361018 -122.5429982
37.8361015 -122.542999
37.8361019 -122.5430009
37.8361025 -122.5430024
37.836103 -122.543003
37.8361039 -122.5430033
37.8361041 -122.5430036
37.8361045 -122.5430042
37.8361058 -122.5430047
37.8361075 -122.5430047
37.8361088 -122.5430044
37.8361108 -122.5430035
37.8361114 -122.5430009
37.8361117 -122.5429988
37.8361117 -122.5429967
37.8361115 -122.5429945
37.8361121 -122.5429939
37.8361116 -122.5429934
37.8361084 -122.542993
37.8361068 -122.542992
37.8361064 -122.5429905
37.8361068 -122.5429885
37.8361066 -122.542987
37.8361064 -122.5429859
37.8361058 -122.5429854
37.8361046 -122.5429848
37.8361029 -122.5429837
37.8361023 -122.5429827
37.8361019 -122.5429816
37.8361017 -122.5429808
37.8361016 -122.5429801
37.8361014 -122.5429793
37.8361013 -122.5429787
37.8361012 -122.5429779
37.8360998 -122.5429775
37.836099 -122.5429768
37.8360995 -122.542976
37.8361002 -122.5429752
37.8361015 -122.5429739
37.8361035 -122.5429723
37.8361045 -122.5429714
37.8361051 -122.5429706
37.8361057 -122.5429696
37.8361067 -122.5429692
37.8361076 -122.542969
37.8361073 -122.5429695
37.8361066 -122.5429697
37.8361061 -122.5429701
37.8361055 -122.5429707
37.8361047 -122.5429711
37.836105 -122.5429718
37.8361047 -122.5429726
37.8361037 -122.5429734
37.8361025 -122.5429744
37.8361021 -122.5429757
37.8361017 -122.5429765
37.8361009 -122.5429777
37.8361004 -122.542979
37.8361001 -122.5429804
37.8361004 -122.5429816
37.8361007 -122.5429823
37.8361003 -122.5429832
37.8360994 -122.5429845
37.8360995 -122.5429858
37.8361007 -122.5429868
37.8361013 -122.5429885
37.8361025 -122.5429897
37.8361039 -122.5429906
37.8361036 -122.5429925
37.8361018 -122.542995
37.8361022 -122.5429962
37.8361025 -122.5429972
37.8361024 -122.5429977
37.8361034 -122.5429966
37.8361032 -122.5429962
37.8361039 -122.5429954
37.8361037 -122.542994
37.8361041 -122.5429919
37.8361049 -122.5429902
37.8361053 -122.5429904
37.8361058 -122.5429916
37.8361071 -122.5429923
37.836108 -122.5429928
37.8361094 -122.5429933
37.8361086 -122.5429941
37.8361077 -122.5429944
37.8361073 -122.5429945
37.8361071 -122.5429949
37.8361076 -122.5429967
37.8361077 -122.5429983
37.8361062 -122.5429989
37.8361055 -122.5429987
37.8361049 -122.5429981
37.8361045 -122.5429982
37.8361044 -122.5429985
37.8361044 -122.5429987
37.8361046 -122.5429989
37.8361049 -122.542999
37.836105 -122.542999
37.8361052 -122.5429992
37.8361056 -122.5429993
37.8361062 -122.5429994
37.8361073 -122.5429997
37.8361083 -122.5430001
37.8361077 -122.5429999
37.8361069 -122.5430012
37.8361063 -122.5430023
37.8361053 -122.5430033
37.8361041 -122.5430036
37.836103 -122.5430035
37.8361022 -122.5430029
37.8361026 -122.543002
37.8361028 -122.5430013
37.8361033 -122.543
37.8361032 -122.5429994
37.8361037 -122.5429982
37.8361043 -122.5429975
37.8361052 -122.5429965
37.8361059 -122.5429948
37.8361067 -122.5429928
37.8361076 -122.5429903
37.8361087 -122.5429885
37.8361094 -122.5429861
37.8361105 -122.5429836
37.8361111 -122.5429808
37.8361122 -122.5429777
37.8361125 -122.5429754
37.8361126 -122.5429733
37.8361133 -122.5429714
37.8361134 -122.5429701
37.8361141 -122.5429684
37.8361146 -122.5429671
37.8361151 -122.5429656
37.8361156 -122.5429641
37.8361156 -122.5429627
37.8361168 -122.5429619
37.8361182 -122.5429613
37.8361182 -122.5429615
37.8361178 -122.5429625
37.8361175 -122.5429636
37.8361164 -122.5429654
37.8361175 -122.542967
37.8361188 -122.5429683
37.83612 -122.5429701
37.8361201 -122.542971
37.83612 -122.5429728
37.8361208 -122.5429737
37.8361213 -122.5429746
37.8361229 -122.5429754
37.8361245 -122.542976
37.8361246 -122.5429769
37.8361157 -122.542978
37.8361007 -122.5429775
37.8360856 -122.5429791
37.8360661 -122.5429794
37.8360488 -122.542973
37.8360291 -122.5429639
37.8360067 -122.5429553
37.8359792 -122.5429496
37.8359466 -122.5429453
37.8359093 -122.5429438
37.8358667 -122.5429413
37.8358229 -122.5429447
37.8357787 -122.5429518
37.8357299 -122.5429601
37.8356789 -122.5429702
37.8356277 -122.5429842
37.8355781 -122.5430107
37.8355289 -122.5430533
37.8354849 -122.543112
37.8354501 -122.5431855
37.835428 -122.5432694
37.835425 -122.5433591
37.8354405 -122.5434562
37.835465 -122.5435518
37.8354928 -122.5436369
37.835526 -122.5437177
37.8355564 -122.543794
37.8355806 -122.543871
37.8355919 -122.5439437
37.8355899 -122.5440164
37.8355704 -122.5440902
37.8355307 -122.5441547
37.8354691 -122.5441966
37.8353955 -122.544212
37.8353226 -122.5441911
37.8352593 -122.5441373
37.8352008 -122.5440609
37.8351473 -122.5439664
37.8350945 -122.5438687
37.8350418 -122.5437752
37.8349862 -122.5436863
37.8349326 -122.5436011
37.8348845 -122.5435153
37.8348374 -122.5434294
37.8347809 -122.5433492
37.8347091 -122.5432854
37.8346252 -122.5432501
37.8345366 -122.5432394
37.8344414 -122.5432475
37.8343436 -122.5432548
37.8342505 -122.5432521
37.8341578 -122.5432555
37.8340684 -122.5432651
37.8339832 -122.5432654
37.8339023 -122.5432465
37.8338287 -122.5432037
37.8337652 -122.5431397
37.8337196 -122.5430541
37.8336877 -122.5429513
37.8336735 -122.5428627
37.83368 -122.5427515
37.8337044 -122.5426637
37.8337555 -122.5425655
37.8338127 -122.5425022
0.2578210603881362
